p cnf 20 56
1 -2 0
1 -3 0
1 -4 0
1 -5 0
1 -6 0
1 -7 0
-1 2 3 4 5 6 7 0
-2 8 0
-2 9 0
-2 10 0
-2 11 0
-2 12 0
-2 13 0
-2 14 0
2 -8 -9 -10 -11 -12 -13 -14 0
-3 8 0
-3 9 0
-3 10 0
-3 11 0
-3 12 0
-3 15 0
-3 16 0
3 -8 -9 -10 -11 -12 -15 -16 0
-4 17 0
-4 9 0
-4 18 0
-4 11 0
-4 12 0
-4 15 0
-4 16 0
4 -17 -9 -18 -11 -12 -15 -16 0
-5 19 0
-5 9 0
-5 20 0
-5 11 0
-5 12 0
-5 13 0
-5 14 0
5 -19 -9 -20 -11 -12 -13 -14 0
-6 19 0
-6 9 0
-6 20 0
-6 11 0
-6 12 0
-6 15 0
-6 16 0
6 -19 -9 -20 -11 -12 -15 -16 0
-7 17 0
-7 9 0
-7 18 0
-7 11 0
-7 12 0
-7 13 0
-7 14 0
7 -17 -9 -18 -11 -12 -13 -14 0
1 0
